xof 0303txt 0032
template Frame {
 <3d82ab46-62da-11cf-ab39-0020af71e433>
 [...]
}

template Matrix4x4 {
 <f6f23f45-7686-11cf-8f52-0040333594a3>
 array FLOAT matrix[16];
}

template FrameTransformMatrix {
 <f6f23f41-7686-11cf-8f52-0040333594a3>
 Matrix4x4 frameMatrix;
}

template Vector {
 <3d82ab5e-62da-11cf-ab39-0020af71e433>
 FLOAT x;
 FLOAT y;
 FLOAT z;
}

template MeshFace {
 <3d82ab5f-62da-11cf-ab39-0020af71e433>
 DWORD nFaceVertexIndices;
 array DWORD faceVertexIndices[nFaceVertexIndices];
}

template Mesh {
 <3d82ab44-62da-11cf-ab39-0020af71e433>
 DWORD nVertices;
 array Vector vertices[nVertices];
 DWORD nFaces;
 array MeshFace faces[nFaces];
 [...]
}

template ColorRGBA {
 <35ff44e0-6c7c-11cf-8f52-0040333594a3>
 FLOAT red;
 FLOAT green;
 FLOAT blue;
 FLOAT alpha;
}

template ColorRGB {
 <d3e16e81-7835-11cf-8f52-0040333594a3>
 FLOAT red;
 FLOAT green;
 FLOAT blue;
}

template Material {
 <3d82ab4d-62da-11cf-ab39-0020af71e433>
 ColorRGBA faceColor;
 FLOAT power;
 ColorRGB specularColor;
 ColorRGB emissiveColor;
 [...]
}

template MeshMaterialList {
 <f6f23f42-7686-11cf-8f52-0040333594a3>
 DWORD nMaterials;
 DWORD nFaceIndexes;
 array DWORD faceIndexes[nFaceIndexes];
 [Material <3d82ab4d-62da-11cf-ab39-0020af71e433>]
}

template EffectInstance {
 <e331f7e4-0559-4cc2-8e99-1cec1657928f>
 STRING EffectFilename;
 [...]
}

template EffectParamString {
 <1dbc4c88-94c1-46ee-9076-2c28818c9481>
 STRING ParamName;
 STRING Value;
}

template VertexElement {
 <f752461c-1e23-48f6-b9f8-8350850f336f>
 DWORD Type;
 DWORD Method;
 DWORD Usage;
 DWORD UsageIndex;
}

template DeclData {
 <bf22e553-292c-4781-9fea-62bd554bdd93>
 DWORD nElements;
 array VertexElement Elements[nElements];
 DWORD nDWords;
 array DWORD data[nDWords];
}

template XSkinMeshHeader {
 <3cf169ce-ff7c-44ab-93c0-f78f62d172e2>
 WORD nMaxSkinWeightsPerVertex;
 WORD nMaxSkinWeightsPerFace;
 WORD nBones;
}

template SkinWeights {
 <6f0d123b-bad2-4167-a0d0-80224f25fabb>
 STRING transformNodeName;
 DWORD nWeights;
 array DWORD vertexIndices[nWeights];
 array FLOAT weights[nWeights];
 Matrix4x4 matrixOffset;
}

template AnimTicksPerSecond {
 <9e415a43-7ba6-4a73-8743-b73d47e88476>
 DWORD AnimTicksPerSecond;
}

template Animation {
 <3d82ab4f-62da-11cf-ab39-0020af71e433>
 [...]
}

template AnimationSet {
 <3d82ab50-62da-11cf-ab39-0020af71e433>
 [Animation <3d82ab4f-62da-11cf-ab39-0020af71e433>]
}

template FloatKeys {
 <10dd46a9-775b-11cf-8f52-0040333594a3>
 DWORD nValues;
 array FLOAT values[nValues];
}

template TimedFloatKeys {
 <f406b180-7b3b-11cf-8f52-0040333594a3>
 DWORD time;
 FloatKeys tfkeys;
}

template AnimationKey {
 <10dd46a8-775b-11cf-8f52-0040333594a3>
 DWORD keyType;
 DWORD nKeys;
 array TimedFloatKeys keys[nKeys];
}


Frame root {
 

 FrameTransformMatrix {
  1.000000,0.000000,0.000000,0.000000,0.000000,1.000000,0.000000,0.000000,0.000000,-0.000000,1.000000,0.000000,0.000770,0.008120,0.002066,1.000000;;
 }

 Frame pelvis {
  

  FrameTransformMatrix {
   -0.024915,0.989911,-0.139483,0.000000,0.748277,-0.074057,-0.659240,0.000000,-0.662919,-0.120797,-0.738882,0.000000,2.806089,89.729440,7.813835,1.000000;;
  }

  Frame spine_01 {
   

   FrameTransformMatrix {
    0.998836,-0.011038,0.046951,0.000000,0.012830,0.999193,-0.038052,0.000000,-0.046493,0.038610,0.998172,0.000000,9.490288,0.000012,-0.006432,1.000000;;
   }

   Frame spine_02 {
    

    FrameTransformMatrix {
     0.997614,0.008808,0.068473,0.000000,-0.006456,0.999384,-0.034501,0.000000,-0.068735,0.033976,0.997056,0.000000,8.078262,-0.000003,-0.012423,1.000000;;
    }

    Frame spine_03 {
     

     FrameTransformMatrix {
      0.992977,0.086170,0.081068,0.000000,-0.077632,0.991631,-0.103151,0.000000,-0.089278,0.096133,0.991357,0.000000,15.768272,0.000009,-0.017546,1.000000;;
     }

     Frame neck_01 {
      

      FrameTransformMatrix {
       0.993927,-0.047035,0.099489,0.000000,0.080126,0.929009,-0.361279,0.000000,-0.075433,0.367056,0.927135,0.000000,22.640061,0.000012,1.870815,1.000000;;
      }

      Frame head {
       

       FrameTransformMatrix {
        0.992927,0.086631,-0.081186,0.000000,-0.098725,0.982287,-0.159266,0.000000,0.065951,0.166155,0.983892,0.000000,7.131439,0.000006,0.000000,1.000000;;
       }

       Frame face_root {
        

        FrameTransformMatrix {
         1.000000,0.000000,0.000000,0.000000,-0.000000,1.000000,0.000000,0.000000,0.000000,0.000000,1.000000,0.000000,1.541336,-0.000016,0.636566,1.000000;;
        }

        Frame eyebrows_pos_root {
         

         FrameTransformMatrix {
          1.000000,-0.000000,-0.000000,0.000000,0.000000,1.000000,-0.000003,0.000000,0.000000,0.000003,1.000000,0.000000,11.225784,0.000000,-0.107868,1.000000;;
         }

         Frame eyebrows_root {
          

          FrameTransformMatrix {
           1.000000,0.000000,0.000000,0.000000,-0.000000,1.000000,0.000003,0.000000,0.000000,-0.000003,1.000000,0.000000,0.000000,0.000000,0.000000,1.000000;;
          }

          Frame eyebrows_r {
           

           FrameTransformMatrix {
            -0.023036,-0.195199,0.980493,0.000000,0.247847,-0.951252,-0.183554,0.000000,0.968525,0.238784,0.070292,0.000000,0.000015,0.000000,0.000004,1.000000;;
           }
          }

          Frame eyebrows_l {
           

           FrameTransformMatrix {
            -0.023038,0.195204,0.980492,0.000000,-0.247849,-0.951250,0.183559,0.000000,0.968525,-0.238785,0.070296,0.000000,0.000015,0.000000,0.000004,1.000000;;
           }
          }

          Frame eyebrow_l {
           

           FrameTransformMatrix {
            -0.200981,0.782291,0.589599,0.000000,0.374325,-0.494874,0.784207,0.000000,0.905255,0.378312,-0.193371,0.000000,0.301865,-0.000001,3.476132,1.000000;;
           }
          }

          Frame eyebrow_r {
           

           FrameTransformMatrix {
            -0.200978,-0.782288,0.589605,0.000000,-0.374330,-0.494878,-0.784202,0.000000,0.905254,-0.378314,-0.193375,0.000000,0.301865,-0.000001,3.476132,1.000000;;
           }
          }
         }

         Frame forehead_root {
          

          FrameTransformMatrix {
           1.000000,0.000000,0.000000,0.000000,-0.000000,1.000000,0.000003,0.000000,0.000000,-0.000003,1.000000,0.000000,0.000000,0.000000,0.000000,1.000000;;
          }

          Frame forehead {
           

           FrameTransformMatrix {
            0.342019,-0.000000,0.939693,0.000000,0.000000,1.000000,0.000000,0.000000,-0.939693,0.000000,0.342019,0.000000,0.000000,0.000000,0.000000,1.000000;;
           }
          }
         }
        }

        Frame jaw_pos_root {
         

         FrameTransformMatrix {
          1.000000,0.000002,0.000000,0.000000,-0.000002,1.000000,0.000004,0.000000,0.000000,-0.000004,1.000000,0.000000,3.003555,0.000000,0.568192,1.000000;;
         }

         Frame jaw_root {
          

          FrameTransformMatrix {
           1.000000,-0.000000,0.000000,0.000000,0.000000,1.000000,0.000000,0.000000,0.000000,0.000000,1.000000,0.000000,0.000000,0.000000,0.000000,1.000000;;
          }

          Frame jaw {
           

           FrameTransformMatrix {
            -0.301816,0.000001,0.953367,0.000000,0.000001,-1.000000,0.000001,0.000000,0.953367,0.000001,0.301816,0.000000,0.000015,0.000000,-0.000004,1.000000;;
           }

           Frame mouth_down_pos_root {
            

            FrameTransformMatrix {
             -0.318405,-0.000396,0.947955,0.000000,0.000396,-1.000000,-0.000285,0.000000,0.947955,0.000285,0.318405,0.000000,6.163796,-0.000006,1.709595,1.000000;;
            }

            Frame mouth_down_root {
             

             FrameTransformMatrix {
              1.000000,-0.000000,-0.000003,0.000000,0.000000,1.000000,-0.000000,0.000000,0.000003,0.000000,1.000000,0.000000,0.000000,0.000000,0.000000,1.000000;;
             }

             Frame lip_bm_01 {
              

              FrameTransformMatrix {
               -0.583430,-0.000437,0.812163,0.000000,0.000432,-1.000000,-0.000228,0.000000,0.812163,0.000218,0.583430,0.000000,0.000046,0.000000,0.000002,1.000000;;
              }

              Frame lip_bm_02 {
               

               FrameTransformMatrix {
                -0.167148,-0.000002,0.985932,0.000000,-0.000002,-1.000000,-0.000002,0.000000,0.985932,-0.000003,0.167148,0.000000,3.005455,-0.000002,0.000000,1.000000;;
               }
              }
             }

             Frame lip_br {
              

              FrameTransformMatrix {
               -0.376825,-0.481252,0.791454,0.000000,0.261705,-0.874942,-0.407415,0.000000,0.888546,0.053603,0.455646,0.000000,0.000046,0.000000,0.000002,1.000000;;
              }
             }

             Frame lip_bl {
              

              FrameTransformMatrix {
               -0.376823,0.481249,0.791457,0.000000,-0.261702,-0.874944,0.407413,0.000000,0.888547,-0.053604,0.455643,0.000000,0.000046,0.000000,0.000002,1.000000;;
              }
             }
            }
           }

           Frame jaw_01 {
            

            FrameTransformMatrix {
             -0.318406,-0.000397,0.947955,0.000000,0.000396,-1.000000,-0.000286,0.000000,0.947955,0.000284,0.318406,0.000000,8.931641,0.000015,-0.941956,1.000000;;
            }

            Frame jaw_02 {
             

             FrameTransformMatrix {
              1.000000,0.000000,0.000000,0.000000,0.000000,1.000000,0.000001,0.000000,0.000000,-0.000001,1.000000,0.000000,0.000000,0.000000,0.000000,1.000000;;
             }
            }
           }
          }
         }
        }

        Frame cheek_pos_root {
         

         FrameTransformMatrix {
          1.000000,0.000000,0.000000,0.000000,-0.000000,1.000000,0.000000,0.000000,-0.000000,-0.000000,1.000000,0.000000,3.585510,0.000014,4.266819,1.000000;;
         }

         Frame cheek_root {
          

          FrameTransformMatrix {
           1.000000,0.000000,0.000000,0.000000,0.000000,1.000000,0.000000,0.000000,-0.000000,-0.000000,1.000000,0.000000,-0.000061,0.000000,-0.000004,1.000000;;
          }

          Frame cheek_r {
           

           FrameTransformMatrix {
            -0.298950,-0.858918,0.415799,0.000000,0.058415,-0.451379,-0.890418,0.000000,0.952479,-0.241901,0.185113,0.000000,0.000015,0.000014,0.000000,1.000000;;
           }
          }

          Frame cheek_l {
           

           FrameTransformMatrix {
            -0.298952,0.858920,0.415793,0.000000,-0.058416,-0.451374,0.890421,0.000000,0.952478,0.241904,0.185114,0.000000,0.000015,0.000014,0.000004,1.000000;;
           }
          }
         }
        }

        Frame nose_side_root {
         

         FrameTransformMatrix {
          1.000000,0.000000,0.000000,0.000000,-0.000000,1.000000,0.000000,0.000000,-0.000000,-0.000000,1.000000,0.000000,3.735214,-0.000000,0.653534,1.000000;;
         }

         Frame nose_side_r_01 {
          

          FrameTransformMatrix {
           1.000000,0.000000,0.000000,0.000000,0.000000,1.000000,0.000000,0.000000,-0.000000,-0.000000,1.000000,0.000000,0.000000,0.000000,0.000004,1.000000;;
          }

          Frame nose_side_r_02 {
           

           FrameTransformMatrix {
            0.200132,-0.261608,0.944198,0.000000,-0.047333,-0.965151,-0.257381,0.000000,0.978625,0.006819,-0.205540,0.000000,0.000000,0.000000,-0.000004,1.000000;;
           }
          }
         }

         Frame nose_side_l_01 {
          

          FrameTransformMatrix {
           1.000000,0.000000,0.000000,0.000000,0.000000,1.000000,0.000000,0.000000,-0.000000,-0.000000,1.000000,0.000000,0.000000,0.000000,0.000004,1.000000;;
          }

          Frame nose_side_l_02 {
           

           FrameTransformMatrix {
            0.200131,0.261609,0.944197,0.000000,0.047330,-0.965150,0.257382,0.000000,0.978625,-0.006821,-0.205538,0.000000,0.000000,0.000000,-0.000004,1.000000;;
           }
          }
         }
        }

        Frame eye_pos_r_root {
         

         FrameTransformMatrix {
          1.000000,0.000000,0.000000,0.000000,-0.000000,1.000000,0.000000,0.000000,-0.000000,-0.000000,1.000000,0.000000,7.542755,-2.769426,6.160797,1.000000;;
         }

         Frame eye_r_root {
          

          FrameTransformMatrix {
           1.000000,0.000000,0.000000,0.000000,0.000000,1.000000,0.000000,0.000000,-0.000000,-0.000000,1.000000,0.000000,-0.195435,-0.602544,0.029205,1.000000;;
          }

          Frame eye_rot_r_root {
           

           FrameTransformMatrix {
            0.147806,-0.000002,0.989017,0.000000,-0.000002,-1.000000,-0.000001,0.000000,0.989016,-0.000001,-0.147806,0.000000,1.159836,0.000003,-0.304619,1.000000;;
           }

           Frame eye_lid_u_r {
            

            FrameTransformMatrix {
             0.965518,0.068017,0.251294,0.000000,-0.034651,0.990254,-0.134897,0.000000,-0.258020,0.121538,0.958465,0.000000,0.000002,0.000000,0.000000,1.000000;;
            }
           }

           Frame eye_r {
            

            FrameTransformMatrix {
             1.000000,0.000000,0.000000,0.000000,0.000000,1.000000,-0.000000,0.000000,-0.000000,0.000000,1.000000,0.000000,0.000002,0.000000,0.000000,1.000000;;
            }
           }

           Frame eye_lid_b_r {
            

            FrameTransformMatrix {
             0.921511,0.066799,-0.382564,0.000000,-0.036932,0.995705,0.084898,0.000000,0.386592,-0.064105,0.920020,0.000000,0.000002,0.000000,0.000000,1.000000;;
            }
           }
          }
         }
        }

        Frame eye_pos_l_root {
         

         FrameTransformMatrix {
          1.000000,0.000000,0.000000,0.000000,-0.000000,1.000000,0.000000,0.000000,-0.000000,-0.000000,1.000000,0.000000,7.543045,2.769474,6.160808,1.000000;;
         }

         Frame eye_l_root {
          

          FrameTransformMatrix {
           1.000000,0.000000,0.000000,0.000000,0.000000,1.000000,0.000000,0.000000,-0.000000,-0.000000,1.000000,0.000000,-0.195404,0.602846,0.029190,1.000000;;
          }

          Frame eye_rot_l_root {
           

           FrameTransformMatrix {
            0.147806,-0.000002,0.989017,0.000000,-0.000002,-1.000000,-0.000001,0.000000,0.989016,-0.000001,-0.147806,0.000000,1.159805,0.000001,-0.304615,1.000000;;
           }

           Frame eye_lid_u_l {
            

            FrameTransformMatrix {
             0.965518,-0.068024,0.251295,0.000000,0.034657,0.990253,0.134897,0.000000,-0.258022,-0.121537,0.958464,0.000000,0.000004,0.000014,0.000015,1.000000;;
            }
           }

           Frame eye_l {
            

            FrameTransformMatrix {
             1.000000,0.000000,0.000000,0.000000,0.000000,1.000000,-0.000000,0.000000,-0.000000,0.000000,1.000000,0.000000,0.000004,0.000014,0.000015,1.000000;;
            }
           }

           Frame eye_lid_b_l {
            

            FrameTransformMatrix {
             0.921510,-0.066807,-0.382564,0.000000,0.036941,0.995705,-0.084898,0.000000,0.386593,0.064102,0.920020,0.000000,0.000004,0.000014,0.000015,1.000000;;
            }
           }
          }
         }
        }

        Frame nose_pos_root {
         

         FrameTransformMatrix {
          1.000000,0.000000,0.000000,0.000000,-0.000000,1.000000,0.000001,0.000000,0.000000,-0.000001,1.000000,0.000000,6.692032,-0.000003,10.395552,1.000000;;
         }

         Frame nose {
          

          FrameTransformMatrix {
           1.000000,0.000000,0.000000,0.000000,-0.000000,1.000000,-0.000000,0.000000,0.000000,0.000000,1.000000,0.000000,0.000000,0.000000,0.000000,1.000000;;
          }
         }
        }

        Frame mouth_up_pos_root {
         

         FrameTransformMatrix {
          1.000000,0.000000,0.000000,0.000000,-0.000000,1.000000,0.000000,0.000000,-0.000000,-0.000000,1.000000,0.000000,2.843246,0.000015,6.876404,1.000000;;
         }

         Frame mouth_up_root {
          

          FrameTransformMatrix {
           1.000000,0.000000,0.000000,0.000000,0.000000,1.000000,0.000001,0.000000,0.000000,-0.000001,1.000000,0.000000,0.000000,0.000000,0.000000,1.000000;;
          }

          Frame lip_ul {
           

           FrameTransformMatrix {
            0.100877,0.517013,0.850013,0.000000,0.304869,-0.829333,0.468254,0.000000,0.947037,0.211907,-0.241282,0.000000,0.000015,-0.000013,0.000004,1.000000;;
           }
          }

          Frame lip_um_01 {
           

           FrameTransformMatrix {
            0.295995,-0.000001,0.955190,0.000000,-0.000001,-1.000000,-0.000001,0.000000,0.955190,-0.000001,-0.295995,0.000000,0.000015,-0.000013,0.000000,1.000000;;
           }

           Frame lip_um_02 {
            

            FrameTransformMatrix {
             0.065271,0.000472,-0.997868,0.000000,-0.000472,-1.000000,-0.000504,0.000000,-0.997867,0.000504,-0.065271,0.000000,3.106524,-0.000018,0.000000,1.000000;;
            }
           }
          }

          Frame lip_ur {
           

           FrameTransformMatrix {
            0.100882,-0.517015,0.850011,0.000000,-0.304881,-0.829330,-0.468252,0.000000,0.947033,-0.211914,-0.241293,0.000000,0.000015,-0.000013,0.000004,1.000000;;
           }
          }

          Frame lip_l {
           

           FrameTransformMatrix {
            -0.211594,0.843237,0.494145,0.000000,-0.191179,-0.531536,0.825179,0.000000,0.958477,0.080132,0.273679,0.000000,0.000031,-0.000010,0.000000,1.000000;;
           }
          }

          Frame lip_r {
           

           FrameTransformMatrix {
            -0.211589,-0.843235,0.494150,0.000000,0.191168,-0.531539,-0.825180,0.000000,0.958481,-0.080133,0.273667,0.000000,0.000031,-0.000010,0.000000,1.000000;;
           }
          }
         }
        }
       }

       Frame hair_root {
        

        FrameTransformMatrix {
         1.000000,0.000000,0.000000,0.000000,-0.000000,1.000000,0.000000,0.000000,0.000000,0.000000,1.000000,0.000000,-0.000015,0.000000,-0.000004,1.000000;;
        }

        Frame hair_b_01 {
         

         FrameTransformMatrix {
          -0.997876,0.000000,-0.065137,0.000000,0.000000,1.000000,-0.000000,0.000000,0.065137,-0.000000,-0.997876,0.000000,17.429702,0.001941,-9.804737,1.000000;;
         }

         Frame hair_b_02 {
          

          FrameTransformMatrix {
           0.956482,-0.000000,-0.291792,0.000000,-0.000000,1.000000,-0.000001,0.000000,0.291792,0.000002,0.956482,0.000000,9.322281,-0.000015,0.000008,1.000000;;
          }
         }
        }

        Frame hair_l_01 {
         

         FrameTransformMatrix {
          -0.966554,0.211916,0.144448,0.000000,0.147807,0.000007,0.989016,0.000000,0.209587,0.977288,-0.031330,0.000000,18.665862,6.572952,-1.533089,1.000000;;
         }

         Frame hair_l_02 {
          

          FrameTransformMatrix {
           0.956482,0.000001,-0.291792,0.000000,-0.000001,1.000000,0.000000,0.000000,0.291792,-0.000000,0.956482,0.000000,9.322342,0.000015,-0.000015,1.000000;;
          }
         }
        }

        Frame hair_r_01 {
         

         FrameTransformMatrix {
          -0.966553,-0.211916,0.144450,0.000000,-0.147806,-0.000005,-0.989016,0.000000,0.209589,-0.977288,-0.031317,0.000000,18.665878,-6.569324,-1.533009,1.000000;;
         }

         Frame hair_r_02 {
          

          FrameTransformMatrix {
           0.956482,-0.000000,-0.291792,0.000000,-0.000001,1.000000,-0.000005,0.000000,0.291792,0.000005,0.956482,0.000000,9.322296,-0.000011,0.000008,1.000000;;
          }
         }
        }

        Frame hair_f_02 {
         

         FrameTransformMatrix {
          -0.974059,0.078551,0.212224,0.000000,0.113233,-0.642787,0.757630,0.000000,0.195927,0.762007,0.617218,0.000000,19.466094,4.565828,3.821548,1.000000;;
         }
        }

        Frame hair_f_01 {
         

         FrameTransformMatrix {
          -0.871335,-0.000000,0.490688,0.000000,-0.000000,-1.000000,-0.000001,0.000000,0.490688,-0.000002,0.871335,0.000000,19.856430,0.001966,6.433422,1.000000;;
         }
        }

        Frame hair_b_pt_01 {
         

         FrameTransformMatrix {
          0.045061,-0.000001,-0.998984,0.000000,-0.000001,-1.000000,0.000001,0.000000,-0.998984,0.000001,-0.045061,0.000000,10.663193,0.000017,-8.252388,1.000000;;
         }

         Frame hair_b_pt_02 {
          

          FrameTransformMatrix {
           0.207923,0.000000,0.978145,0.000000,-0.000000,1.000000,-0.000000,0.000000,-0.978145,-0.000000,0.207923,0.000000,5.124088,0.000000,-0.000015,1.000000;;
          }

          Frame hair_b_pt_03 {
           

           FrameTransformMatrix {
            0.991869,0.000000,0.127263,0.000000,-0.000000,1.000000,-0.000000,0.000000,-0.127263,-0.000000,0.991869,0.000000,5.218170,0.000000,-0.000008,1.000000;;
           }

           Frame hair_b_pt_04 {
            

            FrameTransformMatrix {
             0.984371,0.000000,0.176108,0.000000,-0.000000,1.000000,-0.000000,0.000000,-0.176108,0.000000,0.984371,0.000000,6.385696,0.000001,0.000015,1.000000;;
            }

            Frame hair_b_pt_05 {
             

             FrameTransformMatrix {
              0.999552,0.000000,0.029940,0.000000,-0.000000,1.000000,-0.000000,0.000000,-0.029939,0.000000,0.999552,0.000000,5.587753,-0.000001,0.000000,1.000000;;
             }
            }
           }
          }
         }
        }
       }

       Frame camera_fpp {
        

        FrameTransformMatrix {
         -0.072631,0.997357,0.001997,0.000000,0.331888,0.022281,0.943056,0.000000,0.940519,0.069158,-0.332629,0.000000,10.429993,-0.000005,8.240003,1.000000;;
        }

        Frame GunReferencePoint {
         

         FrameTransformMatrix {
          -0.000629,0.999994,0.003503,0.000000,-0.050643,-0.003530,0.998711,0.000000,0.998716,0.000451,0.050645,0.000000,-7.223789,1.883013,-18.558350,1.000000;;
         }
        }

        Frame GunRef {
         

         FrameTransformMatrix {
          -0.000004,1.000000,0.000000,0.000000,0.000000,0.000000,1.000000,0.000000,1.000000,0.000004,-0.000000,0.000000,-7.223789,1.883013,-18.558350,1.000000;;
         }
        }
       }
      }
     }

     Frame breast_l {
      

      FrameTransformMatrix {
       -0.100493,0.492404,0.864546,0.000000,-0.042518,0.866025,-0.498189,0.000000,-0.994029,-0.086823,-0.066093,0.000000,5.443512,0.999998,2.375484,1.000000;;
      }
     }

     Frame breast_r {
      

      FrameTransformMatrix {
       -0.100490,-0.492403,0.864547,0.000000,-0.042520,-0.866026,-0.498188,0.000000,0.994029,-0.086823,0.066090,0.000000,5.443520,-1.000002,2.375496,1.000000;;
      }
     }

     Frame clavicle_l {
      

      FrameTransformMatrix {
       -0.278784,0.940112,-0.196132,0.000000,0.960350,0.273510,-0.054050,0.000000,0.002831,-0.203424,-0.979087,0.000000,18.386139,3.426644,-0.534477,1.000000;;
      }

      Frame upperarm_l {
       

       FrameTransformMatrix {
        0.679683,-0.723094,-0.123151,0.000000,0.707010,0.690549,-0.152573,0.000000,0.195367,0.016632,0.980589,0.000000,13.275131,0.000000,-0.000034,1.000000;;
       }

       Frame lowerarm_l {
        

        FrameTransformMatrix {
         0.815623,-0.036871,-0.577407,0.000000,0.417514,0.728395,0.543252,0.000000,0.400551,-0.684164,0.609491,0.000000,23.522270,-0.000259,-0.000011,1.000000;;
        }

        Frame hand_l {
         

         FrameTransformMatrix {
          0.999195,0.027809,-0.028914,0.000000,0.003740,0.653029,0.757324,0.000000,0.039942,-0.756822,0.652399,0.000000,25.488883,0.000034,-0.000046,1.000000;;
         }

         Frame thumb_01_l {
          

          FrameTransformMatrix {
           0.711339,-0.559159,0.425838,0.000000,0.632639,0.245420,-0.734533,0.000000,0.306211,0.791903,0.528322,0.000000,2.117386,-2.342104,0.509110,1.000000;;
          }

          Frame thumb_02_l {
           

           FrameTransformMatrix {
            0.965936,0.164534,0.199743,0.000000,-0.158620,0.986297,-0.045371,0.000000,-0.204471,0.012142,0.978798,0.000000,4.111462,0.000004,0.000008,1.000000;;
           }

           Frame thumb_03_l {
            

            FrameTransformMatrix {
             0.981526,0.135930,0.134649,0.000000,-0.135606,0.990695,-0.011617,0.000000,-0.134976,-0.006857,0.990825,0.000000,3.697510,-0.000006,0.000015,1.000000;;
            }

            Frame thumb_04_l_MBONLY {
             

             FrameTransformMatrix {
              0.999958,-0.005919,0.006990,0.000000,0.007761,0.952812,-0.303463,0.000000,-0.004864,0.303505,0.952818,0.000000,2.589722,-0.000002,0.000004,1.000000;;
             }
            }
           }
          }
         }

         Frame index_01_l {
          

          FrameTransformMatrix {
           0.987294,-0.017268,0.157962,0.000000,0.016873,0.999850,0.003841,0.000000,-0.158005,-0.001127,0.987438,0.000000,9.540428,-2.875265,0.098682,1.000000;;
          }

          Frame index_02_l {
           

           FrameTransformMatrix {
            0.987978,-0.000552,0.154597,0.000000,0.000546,1.000000,0.000086,0.000000,-0.154596,-0.000001,0.987978,0.000000,3.723884,0.000010,-0.000019,1.000000;;
           }

           Frame index_03_l {
            

            FrameTransformMatrix {
             0.976019,-0.000866,0.217683,0.000000,0.000843,1.000000,0.000201,0.000000,-0.217683,-0.000013,0.976020,0.000000,2.133926,0.000000,0.000008,1.000000;;
            }

            Frame index_04_l_MBONLY {
             

             FrameTransformMatrix {
              1.000000,-0.000006,0.000031,0.000000,0.000000,0.980716,0.195441,0.000000,-0.000032,-0.195441,0.980716,0.000000,3.027580,0.000002,-0.000011,1.000000;;
             }
            }
           }
          }
         }

         Frame middle_01_l {
          

          FrameTransformMatrix {
           0.944500,0.009561,0.328374,0.000000,-0.007022,0.999936,-0.008915,0.000000,-0.328438,0.006114,0.944506,0.000000,9.805099,-0.951510,-0.496285,1.000000;;
          }

          Frame middle_02_l {
           

           FrameTransformMatrix {
            0.989672,-0.001790,0.143337,0.000000,0.001767,0.999999,0.000283,0.000000,-0.143337,-0.000026,0.989674,0.000000,3.837959,0.000000,0.000000,1.000000;;
           }

           Frame middle_03_l {
            

            FrameTransformMatrix {
             0.983754,0.002407,0.179508,0.000000,-0.002377,0.999997,-0.000381,0.000000,-0.179508,-0.000052,0.983756,0.000000,2.184128,0.000004,-0.000004,1.000000;;
            }

            Frame middle_04_l_MBONLY {
             

             FrameTransformMatrix {
              1.000000,-0.000004,0.000015,0.000000,0.000003,0.998171,0.060454,0.000000,-0.000016,-0.060453,0.998171,0.000000,3.027580,-0.000006,-0.000004,1.000000;;
             }
            }
           }
          }
         }

         Frame ring_01_l {
          

          FrameTransformMatrix {
           0.978487,0.013111,0.205891,0.000000,-0.011312,0.999887,-0.009908,0.000000,-0.205998,0.007366,0.978525,0.000000,9.533886,1.246401,-0.042675,1.000000;;
          }

          Frame ring_02_l {
           

           FrameTransformMatrix {
            0.942706,0.011667,0.333421,0.000000,-0.011372,0.999932,-0.002836,0.000000,-0.333431,-0.001118,0.942774,0.000000,3.266342,-0.000004,-0.000015,1.000000;;
           }

           Frame ring_03_l {
            

            FrameTransformMatrix {
             0.918313,0.012114,0.395670,0.000000,-0.011636,0.999926,-0.003609,0.000000,-0.395684,-0.001290,0.918386,0.000000,2.601685,0.000004,0.000004,1.000000;;
            }

            Frame ring_04_l_MBONLY {
             

             FrameTransformMatrix {
              1.000000,-0.000013,0.000011,0.000000,0.000013,0.999017,-0.044321,0.000000,-0.000010,0.044321,0.999017,0.000000,2.707382,0.000000,0.000000,1.000000;;
             }
            }
           }
          }
         }

         Frame pinky_01_l {
          

          FrameTransformMatrix {
           0.956097,0.102644,0.274486,0.000000,-0.095052,0.994634,-0.040853,0.000000,-0.277207,0.012969,0.960723,0.000000,8.960468,2.914043,0.466942,1.000000;;
          }

          Frame pinky_02_l {
           

           FrameTransformMatrix {
            0.975044,0.000612,0.222011,0.000000,-0.000607,1.000000,-0.000089,0.000000,-0.222011,-0.000048,0.975044,0.000000,2.575020,-0.000001,0.000000,1.000000;;
           }

           Frame pinky_03_l {
            

            FrameTransformMatrix {
             0.971007,0.005959,0.238979,0.000000,-0.005887,0.999982,-0.001017,0.000000,-0.238981,-0.000419,0.971024,0.000000,1.656899,0.000001,0.000004,1.000000;;
            }

            Frame pinky_04_l_MBONLY {
             

             FrameTransformMatrix {
              1.000000,-0.000012,0.000020,0.000000,0.000017,0.969652,-0.244491,0.000000,-0.000017,0.244491,0.969652,0.000000,2.138405,-0.000004,-0.000008,1.000000;;
             }
            }
           }
          }
         }

         Frame item_l {
          

          FrameTransformMatrix {
           1.000000,0.000000,0.000000,0.000000,-0.000000,1.000000,0.000000,0.000000,0.000000,-0.000000,1.000000,0.000000,6.008202,-0.000017,4.052250,1.000000;;
          }
         }
        }

        Frame lowerarm_twist_01_l {
         

         FrameTransformMatrix {
          -1.000000,-0.000402,0.000281,0.000000,0.000337,-0.147795,0.989018,0.000000,-0.000356,0.989018,0.147795,0.000000,25.469346,0.000031,-0.000042,1.000000;;
         }
        }
       }

       Frame upperarm_twist_01_l {
        

        FrameTransformMatrix {
         1.000000,-0.000012,0.000000,0.000000,0.000012,0.998222,-0.059607,0.000000,0.000000,0.059607,0.998222,0.000000,0.000000,0.000000,0.000000,1.000000;;
        }
       }
      }
     }

     Frame clavicle_r {
      

      FrameTransformMatrix {
       -0.227200,-0.964444,0.135013,0.000000,-0.973453,0.228864,-0.003274,0.000000,-0.027742,-0.132173,-0.990839,0.000000,18.386154,-3.426632,-0.534447,1.000000;;
      }

      Frame upperarm_r {
       

       FrameTransformMatrix {
        0.510210,0.833867,0.210596,0.000000,-0.858524,0.508380,0.066983,0.000000,-0.051207,-0.214977,0.975276,0.000000,13.275146,0.000015,0.000038,1.000000;;
       }

       Frame lowerarm_r {
        

        FrameTransformMatrix {
         0.756204,0.037611,-0.653254,0.000000,0.025065,0.995949,0.086356,0.000000,0.653855,-0.081676,0.752198,0.000000,23.522262,0.000477,0.000015,1.000000;;
        }

        Frame hand_r {
         

         FrameTransformMatrix {
          0.981372,0.190045,-0.028150,0.000000,0.018271,-0.238185,-0.971048,0.000000,-0.191248,0.952445,-0.237220,0.000000,25.488915,0.000019,-0.000002,1.000000;;
         }

         Frame thumb_01_r {
          

          FrameTransformMatrix {
           0.715500,0.523408,0.462714,0.000000,-0.647106,0.746140,0.156618,0.000000,-0.263274,-0.411485,0.872564,0.000000,2.117378,2.342099,0.509151,1.000000;;
          }

          Frame thumb_02_r {
           

           FrameTransformMatrix {
            0.983234,-0.153148,0.098984,0.000000,0.141127,0.982838,0.118794,0.000000,-0.115478,-0.102833,0.987973,0.000000,4.111466,0.000008,-0.000007,1.000000;;
           }

           Frame thumb_03_r {
            

            FrameTransformMatrix {
             0.997143,-0.074755,0.010831,0.000000,0.074563,0.997068,0.017181,0.000000,-0.012084,-0.016324,0.999794,0.000000,3.697487,-0.000011,0.000005,1.000000;;
            }

            Frame thumb_04_r_MBONLY {
             

             FrameTransformMatrix {
              1.000000,0.000001,0.000015,0.000000,-0.000001,0.999848,0.017438,0.000000,-0.000014,-0.017438,0.999848,0.000000,2.589714,0.000004,-0.000009,1.000000;;
             }
            }
           }
          }
         }

         Frame index_01_r {
          

          FrameTransformMatrix {
           0.987242,0.018598,0.158136,0.000000,-0.018156,0.999826,-0.004244,0.000000,-0.158187,0.001318,0.987408,0.000000,9.540413,2.875262,0.098755,1.000000;;
          }

          Frame index_02_r {
           

           FrameTransformMatrix {
            0.980073,-0.002310,0.198624,0.000000,0.002251,0.999997,0.000523,0.000000,-0.198625,-0.000066,0.980076,0.000000,3.723869,0.000011,0.000002,1.000000;;
           }

           Frame index_03_r {
            

            FrameTransformMatrix {
             0.961788,-0.002661,0.273783,0.000000,0.002540,0.999997,0.000794,0.000000,-0.273785,-0.000068,0.961791,0.000000,2.133934,-0.000009,0.000017,1.000000;;
            }

            Frame index_04_r_MBONLY {
             

             FrameTransformMatrix {
              1.000000,-0.000032,0.000004,0.000000,0.000032,1.000000,0.000011,0.000000,-0.000004,-0.000011,1.000000,0.000000,3.027573,0.000002,0.000006,1.000000;;
             }
            }
           }
          }
         }

         Frame middle_01_r {
          

          FrameTransformMatrix {
           0.903155,-0.003552,0.429300,0.000000,0.001100,0.999982,0.005958,0.000000,-0.429314,-0.004909,0.903142,0.000000,9.805107,0.951514,-0.496258,1.000000;;
          }

          Frame middle_02_r {
           

           FrameTransformMatrix {
            0.977677,-0.002500,0.210100,0.000000,0.002430,0.999997,0.000594,0.000000,-0.210101,-0.000070,0.977680,0.000000,3.837959,0.000004,0.000006,1.000000;;
           }

           Frame middle_03_r {
            

            FrameTransformMatrix {
             0.965121,-0.007524,0.261694,0.000000,0.007291,0.999972,0.001858,0.000000,-0.261701,0.000115,0.965149,0.000000,2.184128,0.000001,0.000008,1.000000;;
            }

            Frame middle_04_r_MBONLY {
             

             FrameTransformMatrix {
              1.000000,-0.000010,-0.000001,0.000000,0.000010,1.000000,0.000010,0.000000,0.000001,-0.000010,1.000000,0.000000,3.027580,0.000005,-0.000011,1.000000;;
             }
            }
           }
          }
         }

         Frame ring_01_r {
          

          FrameTransformMatrix {
           0.914840,0.030905,0.402633,0.000000,-0.024379,0.999476,-0.021324,0.000000,-0.403081,0.009693,0.915113,0.000000,9.533882,-1.246399,-0.042675,1.000000;;
          }

          Frame ring_02_r {
           

           FrameTransformMatrix {
            0.892693,-0.019583,0.450240,0.000000,0.018528,0.999806,0.006750,0.000000,-0.450285,0.002316,0.892882,0.000000,3.266380,-0.000003,0.000002,1.000000;;
           }

           Frame ring_03_r {
            

            FrameTransformMatrix {
             0.849547,-0.020567,0.527112,0.000000,0.019003,0.999784,0.008383,0.000000,-0.527171,0.002895,0.849755,0.000000,2.601669,0.000001,0.000004,1.000000;;
            }

            Frame ring_04_r_MBONLY {
             

             FrameTransformMatrix {
              1.000000,0.000007,-0.000003,0.000000,-0.000007,1.000000,0.000000,0.000000,0.000003,-0.000000,1.000000,0.000000,2.707405,0.000001,0.000000,1.000000;;
             }
            }
           }
          }
         }

         Frame pinky_01_r {
          

          FrameTransformMatrix {
           0.874476,-0.116928,0.470765,0.000000,0.105395,0.993127,0.050895,0.000000,-0.473481,0.005110,0.880790,0.000000,8.960434,-2.914049,0.466934,1.000000;;
          }

          Frame pinky_02_r {
           

           FrameTransformMatrix {
            0.897442,-0.015144,0.440874,0.000000,0.014164,0.999885,0.005513,0.000000,-0.440906,0.001297,0.897553,0.000000,2.575027,0.000002,0.000006,1.000000;;
           }

           Frame pinky_03_r {
            

            FrameTransformMatrix {
             0.829082,-0.024992,0.558568,0.000000,0.023456,0.999676,0.009912,0.000000,-0.558635,0.004884,0.829399,0.000000,1.656876,0.000002,0.000008,1.000000;;
            }

            Frame pinky_04_r_MBONLY {
             

             FrameTransformMatrix {
              1.000000,0.000040,-0.000013,0.000000,-0.000040,1.000000,-0.000019,0.000000,0.000013,0.000019,1.000000,0.000000,2.286362,0.000006,0.000008,1.000000;;
             }
            }
           }
          }
         }

         Frame item_r {
          

          FrameTransformMatrix {
           1.000000,0.000000,-0.000000,0.000000,-0.000000,1.000000,0.000000,0.000000,-0.000000,0.000000,1.000000,0.000000,5.959992,0.149968,2.970001,1.000000;;
          }
         }
        }

        Frame lowerarm_twist_01_r {
         

         FrameTransformMatrix {
          -1.000000,-0.000154,0.000164,0.000000,-0.000154,-0.059197,-0.998246,0.000000,0.000164,-0.998247,0.059197,0.000000,25.469368,0.000019,0.000000,1.000000;;
         }
        }
       }

       Frame upperarm_twist_01_r {
        

        FrameTransformMatrix {
         1.000000,0.000021,-0.000000,0.000000,-0.000021,0.998222,0.059610,0.000000,0.000002,-0.059610,0.998222,0.000000,0.000000,0.000000,0.000000,1.000000;;
        }
       }
      }
     }

     Frame backpack {
      

      FrameTransformMatrix {
       -0.991785,-0.017540,-0.126710,0.000000,-0.126730,0.000015,0.991938,0.000000,-0.017397,0.999846,-0.002237,0.000000,25.024445,0.000107,-20.152810,1.000000;;
      }

      Frame backpack_01 {
       

       FrameTransformMatrix {
        0.998912,-0.046640,0.000283,0.000000,0.046640,0.998912,0.000806,0.000000,-0.000320,-0.000792,1.000000,0.000000,26.780014,-10.106697,0.469858,1.000000;;
       }
      }

      Frame backpack_02 {
       

       FrameTransformMatrix {
        0.998307,-0.046640,0.034755,0.000000,0.046641,0.998911,0.000800,0.000000,-0.034755,0.000822,0.999396,0.000000,40.372842,0.692665,0.705864,1.000000;;
       }
      }
     }
    }
   }

   Frame coat_l_01 {
    

    FrameTransformMatrix {
     -0.851581,0.523457,-0.028326,0.000000,-0.514350,-0.823884,0.238034,0.000000,0.101263,0.217275,0.970844,0.000000,7.566605,14.647843,-4.806364,1.000000;;
    }

    Frame coat_l_02 {
     

     FrameTransformMatrix {
      0.990222,0.139222,-0.008798,0.000000,-0.139217,0.990261,0.001237,0.000000,0.008884,-0.000000,0.999961,0.000000,13.285797,-0.000015,-0.000104,1.000000;;
     }

     Frame coat_l_03 {
      

      FrameTransformMatrix {
       0.999997,-0.000000,-0.002258,0.000000,0.000000,1.000000,-0.000000,0.000000,0.002258,0.000000,0.999998,0.000000,14.754112,-0.000019,-0.000101,1.000000;;
      }

      Frame coat_l_04 {
       

       FrameTransformMatrix {
        0.999989,0.000000,0.004753,0.000000,-0.000000,1.000000,0.000000,0.000000,-0.004753,-0.000000,0.999989,0.000000,17.429558,-0.000023,-0.000109,1.000000;;
       }
      }
     }
    }
   }

   Frame coat_fl_01 {
    

    FrameTransformMatrix {
     -0.763892,0.514089,0.390106,0.000000,0.565446,0.241841,0.788533,0.000000,0.311032,0.822937,-0.475430,0.000000,5.973625,10.830678,11.439234,1.000000;;
    }

    Frame coat_fl_02 {
     

     FrameTransformMatrix {
      0.999678,-0.017352,-0.018490,0.000000,0.017349,0.999849,-0.000321,0.000000,0.018493,0.000001,0.999829,0.000000,13.193573,-0.000099,0.000000,1.000000;;
     }

     Frame coat_fl_03 {
      

      FrameTransformMatrix {
       0.999883,-0.000000,0.015296,0.000000,0.000000,1.000000,0.000000,0.000000,-0.015296,-0.000000,0.999883,0.000000,14.010723,-0.000107,0.000008,1.000000;;
      }

      Frame coat_fl_04 {
       

       FrameTransformMatrix {
        0.999015,0.000000,0.044374,0.000000,-0.000000,1.000000,0.000000,0.000000,-0.044374,-0.000001,0.999015,0.000000,19.111320,-0.000149,0.000008,1.000000;;
       }
      }
     }
    }
   }

   Frame coat_b_01 {
    

    FrameTransformMatrix {
     -0.912747,0.095368,-0.397238,0.000000,-0.400718,-0.019812,0.915987,0.000000,0.079486,0.995245,0.056299,0.000000,6.667381,0.000161,-11.747433,1.000000;;
    }

    Frame coat_b_02 {
     

     FrameTransformMatrix {
      0.995983,0.087801,0.017576,0.000000,-0.087787,0.996138,-0.001549,0.000000,-0.017644,-0.000000,0.999844,0.000000,9.746078,-0.000031,0.000043,1.000000;;
     }

     Frame coat_b_03 {
      

      FrameTransformMatrix {
