xof 0303txt 0032
template Frame {
 <3d82ab46-62da-11cf-ab39-0020af71e433>
 [...]
}

template Matrix4x4 {
 <f6f23f45-7686-11cf-8f52-0040333594a3>
 array FLOAT matrix[16];
}

template FrameTransformMatrix {
 <f6f23f41-7686-11cf-8f52-0040333594a3>
 Matrix4x4 frameMatrix;
}

template Vector {
 <3d82ab5e-62da-11cf-ab39-0020af71e433>
 FLOAT x;
 FLOAT y;
 FLOAT z;
}

template MeshFace {
 <3d82ab5f-62da-11cf-ab39-0020af71e433>
 DWORD nFaceVertexIndices;
 array DWORD faceVertexIndices[nFaceVertexIndices];
}

template Mesh {
 <3d82ab44-62da-11cf-ab39-0020af71e433>
 DWORD nVertices;
 array Vector vertices[nVertices];
 DWORD nFaces;
 array MeshFace faces[nFaces];
 [...]
}

template ColorRGBA {
 <35ff44e0-6c7c-11cf-8f52-0040333594a3>
 FLOAT red;
 FLOAT green;
 FLOAT blue;
 FLOAT alpha;
}

template ColorRGB {
 <d3e16e81-7835-11cf-8f52-0040333594a3>
 FLOAT red;
 FLOAT green;
 FLOAT blue;
}

template Material {
 <3d82ab4d-62da-11cf-ab39-0020af71e433>
 ColorRGBA faceColor;
 FLOAT power;
 ColorRGB specularColor;
 ColorRGB emissiveColor;
 [...]
}

template MeshMaterialList {
 <f6f23f42-7686-11cf-8f52-0040333594a3>
 DWORD nMaterials;
 DWORD nFaceIndexes;
 array DWORD faceIndexes[nFaceIndexes];
 [Material <3d82ab4d-62da-11cf-ab39-0020af71e433>]
}

template EffectInstance {
 <e331f7e4-0559-4cc2-8e99-1cec1657928f>
 STRING EffectFilename;
 [...]
}

template EffectParamString {
 <1dbc4c88-94c1-46ee-9076-2c28818c9481>
 STRING ParamName;
 STRING Value;
}

template VertexElement {
 <f752461c-1e23-48f6-b9f8-8350850f336f>
 DWORD Type;
 DWORD Method;
 DWORD Usage;
 DWORD UsageIndex;
}

template DeclData {
 <bf22e553-292c-4781-9fea-62bd554bdd93>
 DWORD nElements;
 array VertexElement Elements[nElements];
 DWORD nDWords;
 array DWORD data[nDWords];
}

template XSkinMeshHeader {
 <3cf169ce-ff7c-44ab-93c0-f78f62d172e2>
 WORD nMaxSkinWeightsPerVertex;
 WORD nMaxSkinWeightsPerFace;
 WORD nBones;
}

template SkinWeights {
 <6f0d123b-bad2-4167-a0d0-80224f25fabb>
 STRING transformNodeName;
 DWORD nWeights;
 array DWORD vertexIndices[nWeights];
 array FLOAT weights[nWeights];
 Matrix4x4 matrixOffset;
}


Frame root {
 

 FrameTransformMatrix {
  1.000000,0.000000,0.000000,0.000000,0.000000,1.000000,0.000000,0.000000,0.000000,-0.000000,1.000000,0.000000,0.000733,0.007961,0.001728,1.000000;;
 }

 Frame pelvis {
  

  FrameTransformMatrix {
   0.000000,1.000000,-0.000001,0.000000,1.000000,0.000000,0.000003,0.000000,0.000003,-0.000001,-1.000000,0.000000,0.000008,96.638054,-0.827037,1.000000;;
  }

  Frame spine_01 {
   

   FrameTransformMatrix {
    1.000000,-0.000000,0.000795,0.000000,0.000000,1.000000,0.000077,0.000000,-0.000795,-0.000077,1.000000,0.000000,9.490295,0.000013,-0.006434,1.000000;;
   }

   Frame spine_02 {
    

    FrameTransformMatrix {
     0.996195,-0.000005,-0.087155,0.000000,-0.000001,1.000000,-0.000076,0.000000,0.087155,0.000076,0.996195,0.000000,8.078286,0.000005,-0.012419,1.000000;;
    }

    Frame spine_03 {
     

     FrameTransformMatrix {
      0.996195,0.000000,-0.087155,0.000000,0.000000,1.000000,0.000002,0.000000,0.087155,-0.000002,0.996195,0.000000,15.768616,0.000001,-0.017419,1.000000;;
     }

     Frame neck_01 {
      

      FrameTransformMatrix {
       0.948324,-0.000000,0.317305,0.000000,-0.000001,1.000000,0.000001,0.000000,-0.317305,-0.000001,0.948324,0.000000,22.640091,0.000000,1.870819,1.000000;;
      }

      Frame head {
       

       FrameTransformMatrix {
        1.000000,0.000000,-0.000799,0.000000,0.000000,1.000000,0.000000,0.000000,0.000799,0.000000,1.000000,0.000000,7.131439,0.000002,0.000023,1.000000;;
       }

       Frame face_root {
        

        FrameTransformMatrix {
         1.000000,-0.000000,-0.000000,0.000000,-0.000000,1.000000,-0.000000,0.000000,0.000000,-0.000000,1.000000,0.000000,1.541306,-0.000015,0.636532,1.000000;;
        }

        Frame eyebrows_pos_root {
         

         FrameTransformMatrix {
          1.000000,0.000000,-0.000000,0.000000,-0.000000,1.000000,-0.000004,0.000000,0.000000,0.000004,1.000000,0.000000,11.225815,0.000001,-0.107861,1.000000;;
         }

         Frame eyebrows_root {
          

          FrameTransformMatrix {
           1.000000,-0.000000,0.000000,0.000000,0.000000,1.000000,0.000003,0.000000,-0.000000,-0.000003,1.000000,0.000000,-0.000015,-0.000000,-0.000002,1.000000;;
          }

          Frame eyebrows_r {
           

           FrameTransformMatrix {
            -0.023035,-0.195199,0.980493,0.000000,0.247847,-0.951252,-0.183554,0.000000,0.968525,0.238784,0.070292,0.000000,0.000000,0.000000,0.000002,1.000000;;
           }
          }

          Frame eyebrows_l {
           

           FrameTransformMatrix {
            -0.023039,0.195204,0.980492,0.000000,-0.247849,-0.951251,0.183559,0.000000,0.968525,-0.238785,0.070297,0.000000,0.000000,0.000000,0.000002,1.000000;;
           }
          }

          Frame eyebrow_l {
           

           FrameTransformMatrix {
            -0.200979,0.782291,0.589601,0.000000,0.374326,-0.494876,0.784206,0.000000,0.905256,0.378312,-0.193372,0.000000,0.301849,0.000001,3.476120,1.000000;;
           }
          }

          Frame eyebrow_r {
           

           FrameTransformMatrix {
            -0.200980,-0.782289,0.589603,0.000000,-0.374331,-0.494876,-0.784203,0.000000,0.905254,-0.378316,-0.193375,0.000000,0.301849,0.000001,3.476120,1.000000;;
           }
          }
         }

         Frame forehead_root {
          

          FrameTransformMatrix {
           1.000000,-0.000000,0.000000,0.000000,0.000000,1.000000,0.000003,0.000000,-0.000000,-0.000003,1.000000,0.000000,-0.000015,-0.000000,-0.000002,1.000000;;
          }

          Frame forehead {
           

           FrameTransformMatrix {
            0.342021,0.000000,0.939692,0.000000,-0.000000,1.000000,-0.000000,0.000000,-0.939692,0.000000,0.342021,0.000000,0.000000,0.000000,0.000000,1.000000;;
           }
          }
         }
        }

        Frame jaw_pos_root {
         

         FrameTransformMatrix {
          1.000000,0.000002,0.000000,0.000000,-0.000002,1.000000,0.000003,0.000000,0.000000,-0.000003,1.000000,0.000000,3.003586,0.000002,0.568197,1.000000;;
         }

         Frame jaw_root {
          

          FrameTransformMatrix {
           1.000000,0.000000,-0.000000,0.000000,-0.000000,1.000000,-0.000000,0.000000,0.000000,-0.000000,1.000000,0.000000,0.000000,-0.000000,-0.000002,1.000000;;
          }

          Frame jaw {
           

           FrameTransformMatrix {
            -0.301816,0.000006,0.953366,0.000000,-0.000004,-1.000000,0.000005,0.000000,0.953366,-0.000003,0.301816,0.000000,0.000015,0.000000,-0.000008,1.000000;;
           }

           Frame mouth_down_pos_root {
            

            FrameTransformMatrix {
             -0.318405,-0.000001,0.947955,0.000000,0.000002,-1.000000,-0.000001,0.000000,0.947955,0.000002,0.318405,0.000000,6.163788,-0.000004,1.709625,1.000000;;
            }

            Frame mouth_down_root {
             

             FrameTransformMatrix {
              1.000000,-0.000000,-0.000003,0.000000,-0.000000,1.000000,0.000001,0.000000,0.000003,-0.000001,1.000000,0.000000,-0.000015,-0.000000,-0.000004,1.000000;;
             }

             Frame lip_bm_01 {
              

              FrameTransformMatrix {
               -0.583432,-0.000010,0.812162,0.000000,0.000007,-1.000000,-0.000007,0.000000,0.812162,0.000002,0.583432,0.000000,0.000031,0.000000,0.000000,1.000000;;
              }

              Frame lip_bm_02 {
               

               FrameTransformMatrix {
                -0.167156,0.000000,0.985930,0.000000,-0.000002,-1.000000,-0.000000,0.000000,0.985930,-0.000002,0.167156,0.000000,3.005463,-0.000000,0.000000,1.000000;;
               }
              }
             }

             Frame lip_br {
              

              FrameTransformMatrix {
               -0.376826,-0.481253,0.791453,0.000000,0.261702,-0.874942,-0.407418,0.000000,0.888547,0.053599,0.455646,0.000000,0.000031,0.000000,0.000000,1.000000;;
              }
             }

             Frame lip_bl {
              

              FrameTransformMatrix {
               -0.376822,0.481251,0.791456,0.000000,-0.261701,-0.874943,0.407416,0.000000,0.888548,-0.053602,0.455641,0.000000,0.000031,0.000000,0.000000,1.000000;;
              }
             }
            }
           }

           Frame jaw_01 {
            

            FrameTransformMatrix {
             -0.318406,-0.000001,0.947954,0.000000,0.000001,-1.000000,-0.000001,0.000000,0.947954,0.000001,0.318406,0.000000,8.931637,0.000020,-0.941895,1.000000;;
            }

            Frame jaw_02 {
             

             FrameTransformMatrix {
              1.000000,0.000000,0.000000,0.000000,0.000000,1.000000,0.000001,0.000000,0.000000,-0.000001,1.000000,0.000000,-0.000015,-0.000000,-0.000002,1.000000;;
             }
            }
           }
          }
         }
        }

        Frame cheek_pos_root {
         

         FrameTransformMatrix {
          1.000000,0.000000,0.000000,0.000000,-0.000000,1.000000,-0.000000,0.000000,0.000000,0.000000,1.000000,0.000000,3.585541,0.000018,4.266830,1.000000;;
         }

         Frame cheek_root {
          

          FrameTransformMatrix {
           1.000000,0.000000,-0.000000,0.000000,0.000000,1.000000,0.000000,0.000000,-0.000000,0.000000,1.000000,0.000000,-0.000061,-0.000000,-0.000002,1.000000;;
          }

          Frame cheek_r {
           

           FrameTransformMatrix {
            -0.298951,-0.858919,0.415796,0.000000,0.058413,-0.451376,-0.890420,0.000000,0.952479,-0.241904,0.185111,0.000000,0.000015,0.000015,-0.000008,1.000000;;
           }
          }

          Frame cheek_l {
           

           FrameTransformMatrix {
            -0.298950,0.858919,0.415796,0.000000,-0.058417,-0.451377,0.890419,0.000000,0.952479,0.241901,0.185114,0.000000,0.000015,0.000015,-0.000004,1.000000;;
           }
          }
         }
        }

        Frame nose_side_root {
         

         FrameTransformMatrix {
          1.000000,0.000000,0.000000,0.000000,-0.000000,1.000000,-0.000000,0.000000,0.000000,0.000000,1.000000,0.000000,3.735260,0.000001,0.653543,1.000000;;
         }

         Frame nose_side_r_01 {
          

          FrameTransformMatrix {
           1.000000,-0.000000,0.000000,0.000000,0.000000,1.000000,-0.000000,0.000000,-0.000000,0.000000,1.000000,0.000000,-0.000015,0.000000,0.000002,1.000000;;
          }

          Frame nose_side_r_02 {
           

           FrameTransformMatrix {
            0.200133,-0.261608,0.944197,0.000000,-0.047332,-0.965150,-0.257381,0.000000,0.978624,0.006820,-0.205541,0.000000,0.000000,-0.000000,-0.000004,1.000000;;
           }
          }
         }

         Frame nose_side_l_01 {
          

          FrameTransformMatrix {
           1.000000,-0.000000,0.000000,0.000000,0.000000,1.000000,-0.000000,0.000000,-0.000000,0.000000,1.000000,0.000000,-0.000015,0.000000,0.000002,1.000000;;
          }

          Frame nose_side_l_02 {
           

           FrameTransformMatrix {
            0.200130,0.261610,0.944197,0.000000,0.047330,-0.965150,0.257383,0.000000,0.978626,-0.006821,-0.205537,0.000000,0.000000,-0.000000,-0.000004,1.000000;;
           }
          }
         }
        }

        Frame eye_pos_r_root {
         

         FrameTransformMatrix {
          1.000000,0.000000,0.000000,0.000000,-0.000000,1.000000,-0.000000,0.000000,0.000000,0.000000,1.000000,0.000000,7.542816,-2.769420,6.160797,1.000000;;
         }

         Frame eye_r_root {
          

          FrameTransformMatrix {
           1.000000,-0.000000,-0.000000,0.000000,0.000000,1.000000,0.000000,0.000000,-0.000000,0.000000,1.000000,0.000000,-0.195465,-0.602545,0.029202,1.000000;;
          }

          Frame eye_rot_r_root {
           

           FrameTransformMatrix {
            0.147807,0.000000,0.989016,0.000000,-0.000002,-1.000000,0.000000,0.000000,0.989016,-0.000002,-0.147807,0.000000,1.159851,0.000003,-0.304625,1.000000;;
           }

           Frame eye_lid_u_r {
            

            FrameTransformMatrix {
             0.965518,0.068017,0.251293,0.000000,-0.034651,0.990254,-0.134897,0.000000,-0.258019,0.121538,0.958465,0.000000,0.000005,0.000000,0.000000,1.000000;;
            }
           }

           Frame eye_r {
            

            FrameTransformMatrix {
             1.000000,-0.000000,0.000000,0.000000,-0.000000,1.000000,-0.000000,0.000000,-0.000000,0.000000,1.000000,0.000000,0.000005,0.000000,0.000000,1.000000;;
            }
           }

           Frame eye_lid_b_r {
            

            FrameTransformMatrix {
             0.921511,0.066799,-0.382564,0.000000,-0.036932,0.995705,0.084897,0.000000,0.386592,-0.064105,0.920021,0.000000,0.000005,0.000000,0.000000,1.000000;;
            }
           }
          }
         }
        }

        Frame eye_pos_l_root {
         

         FrameTransformMatrix {
          1.000000,0.000000,0.000000,0.000000,-0.000000,1.000000,-0.000000,0.000000,0.000000,0.000000,1.000000,0.000000,7.543091,2.769480,6.160828,1.000000;;
         }

         Frame eye_l_root {
          

          FrameTransformMatrix {
           1.000000,-0.000000,-0.000000,0.000000,0.000000,1.000000,0.000000,0.000000,-0.000000,0.000000,1.000000,0.000000,-0.195404,0.602844,0.029198,1.000000;;
          }

          Frame eye_rot_l_root {
           

           FrameTransformMatrix {
            0.147807,0.000000,0.989016,0.000000,-0.000003,-1.000000,0.000000,0.000000,0.989016,-0.000003,-0.147807,0.000000,1.159805,0.000003,-0.304626,1.000000;;
           }

           Frame eye_lid_u_l {
            

            FrameTransformMatrix {
             0.965518,-0.068024,0.251294,0.000000,0.034657,0.990253,0.134897,0.000000,-0.258021,-0.121537,0.958465,0.000000,0.000004,0.000015,0.000015,1.000000;;
            }
           }

           Frame eye_l {
            

            FrameTransformMatrix {
             1.000000,-0.000000,-0.000000,0.000000,0.000000,1.000000,0.000000,0.000000,0.000000,-0.000000,1.000000,0.000000,0.000004,0.000015,0.000015,1.000000;;
            }
           }

           Frame eye_lid_b_l {
            

            FrameTransformMatrix {
             0.921510,-0.066808,-0.382565,0.000000,0.036941,0.995705,-0.084898,0.000000,0.386593,0.064102,0.920020,0.000000,0.000004,0.000015,0.000015,1.000000;;
            }
           }
          }
         }
        }

        Frame nose_pos_root {
         

         FrameTransformMatrix {
          1.000000,0.000000,-0.000000,0.000000,-0.000000,1.000000,-0.000002,0.000000,0.000000,0.000002,1.000000,0.000000,6.692047,0.000008,10.395570,1.000000;;
         }

         Frame nose {
          

          FrameTransformMatrix {
           1.000000,0.000000,0.000000,0.000000,-0.000000,1.000000,-0.000000,0.000000,-0.000000,0.000000,1.000000,0.000000,0.000000,-0.000000,-0.000001,1.000000;;
          }
         }
        }

        Frame mouth_up_pos_root {
         

         FrameTransformMatrix {
          1.000000,0.000000,0.000000,0.000000,-0.000000,1.000000,-0.000000,0.000000,0.000000,0.000000,1.000000,0.000000,2.843292,0.000021,6.876415,1.000000;;
         }

         Frame mouth_up_root {
          

          FrameTransformMatrix {
           1.000000,0.000000,-0.000000,0.000000,-0.000000,1.000000,-0.000001,0.000000,-0.000000,0.000001,1.000000,0.000000,-0.000015,0.000000,0.000000,1.000000;;
          }

          Frame lip_ul {
           

           FrameTransformMatrix {
            0.100879,0.517012,0.850013,0.000000,0.304870,-0.829334,0.468252,0.000000,0.947036,0.211907,-0.241284,0.000000,0.000015,-0.000013,0.000011,1.000000;;
           }
          }

          Frame lip_um_01 {
           

           FrameTransformMatrix {
            0.295997,-0.000003,0.955189,0.000000,-0.000000,-1.000000,-0.000003,0.000000,0.955189,0.000000,-0.295997,0.000000,0.000015,-0.000013,0.000008,1.000000;;
           }

           Frame lip_um_02 {
            

            FrameTransformMatrix {
             0.065270,0.000000,-0.997868,0.000000,-0.000002,-1.000000,-0.000000,0.000000,-0.997868,0.000002,-0.065270,0.000000,3.106522,-0.000020,0.000000,1.000000;;
            }
           }
          }

          Frame lip_ur {
           

           FrameTransformMatrix {
            0.100881,-0.517016,0.850010,0.000000,-0.304881,-0.829329,-0.468253,0.000000,0.947033,-0.211914,-0.241292,0.000000,0.000015,-0.000013,0.000011,1.000000;;
           }
          }

          Frame lip_l {
           

           FrameTransformMatrix {
            -0.211591,0.843236,0.494148,0.000000,-0.191180,-0.531538,0.825177,0.000000,0.958477,0.080129,0.273679,0.000000,0.000031,-0.000010,0.000008,1.000000;;
           }
          }

          Frame lip_r {
           

           FrameTransformMatrix {
            -0.211589,-0.843237,0.494148,0.000000,0.191166,-0.531536,-0.825182,0.000000,0.958481,-0.080135,0.273666,0.000000,0.000031,-0.000010,0.000008,1.000000;;
           }
          }
         }
        }
       }

       Frame hair_root {
        

        FrameTransformMatrix {
         1.000000,-0.000000,-0.000000,0.000000,-0.000000,1.000000,-0.000000,0.000000,0.000000,-0.000000,1.000000,0.000000,-0.000015,-0.000000,-0.000027,1.000000;;
        }

        Frame hair_b_01 {
         

         FrameTransformMatrix {
          -0.997876,-0.000000,-0.065139,0.000000,0.000000,1.000000,-0.000001,0.000000,0.065139,-0.000001,-0.997877,0.000000,17.429688,0.001932,-9.804737,1.000000;;
         }

         Frame hair_b_02 {
          

          FrameTransformMatrix {
           0.956482,-0.000000,-0.291792,0.000000,0.000000,1.000000,0.000000,0.000000,0.291792,-0.000000,0.956482,0.000000,9.322281,-0.000015,0.000011,1.000000;;
          }
         }
        }

        Frame hair_l_01 {
         

         FrameTransformMatrix {
          -0.966554,0.211915,0.144450,0.000000,0.147808,0.000007,0.989016,0.000000,0.209586,0.977288,-0.031329,0.000000,18.665878,6.572952,-1.533072,1.000000;;
         }

         Frame hair_l_02 {
          

          FrameTransformMatrix {
           0.956482,-0.000000,-0.291792,0.000000,0.000000,1.000000,0.000000,0.000000,0.291792,-0.000000,0.956482,0.000000,9.322342,0.000014,-0.000023,1.000000;;
          }
         }
        }

        Frame hair_r_01 {
         

         FrameTransformMatrix {
          -0.966554,-0.211914,0.144451,0.000000,-0.147808,-0.000003,-0.989016,0.000000,0.209587,-0.977288,-0.031320,0.000000,18.665893,-6.569322,-1.533033,1.000000;;
         }

         Frame hair_r_02 {
          

          FrameTransformMatrix {
           0.956482,0.000000,-0.291792,0.000000,0.000000,1.000000,0.000000,0.000000,0.291792,-0.000001,0.956482,0.000000,9.322281,-0.000013,0.000000,1.000000;;
          }
         }
        }

        Frame hair_f_02 {
         

         FrameTransformMatrix {
          -0.974059,0.078557,0.212221,0.000000,0.113227,-0.642787,0.757631,0.000000,0.195930,0.762007,0.617217,0.000000,19.466094,4.565833,3.821562,1.000000;;
         }
        }

        Frame hair_f_01 {
         

         FrameTransformMatrix {
          -0.871335,0.000000,0.490688,0.000000,0.000000,-1.000000,0.000002,0.000000,0.490688,0.000002,0.871335,0.000000,19.856430,0.001974,6.433422,1.000000;;
         }
        }

        Frame hair_b_pt_01 {
         

         FrameTransformMatrix {
          0.045061,-0.000002,-0.998984,0.000000,-0.000000,-1.000000,0.000002,0.000000,-0.998984,0.000000,-0.045061,0.000000,10.663178,0.000010,-8.252396,1.000000;;
         }

         Frame hair_b_pt_02 {
          

          FrameTransformMatrix {
           0.207923,-0.000000,0.978145,0.000000,0.000000,1.000000,0.000000,0.000000,-0.978145,0.000000,0.207923,0.000000,5.124084,0.000000,-0.000015,1.000000;;
          }

          Frame hair_b_pt_03 {
           

           FrameTransformMatrix {
            0.991869,-0.000000,0.127263,0.000000,-0.000000,1.000000,0.000000,0.000000,-0.127263,-0.000000,0.991869,0.000000,5.218231,0.000000,0.000015,1.000000;;
           }

           Frame hair_b_pt_04 {
            

            FrameTransformMatrix {
             0.984371,0.000000,0.176107,0.000000,0.000000,1.000000,-0.000001,0.000000,-0.176107,0.000001,0.984371,0.000000,6.385635,0.000000,0.000004,1.000000;;
            }

            Frame hair_b_pt_05 {
             

             FrameTransformMatrix {
              0.999552,0.000000,0.029940,0.000000,-0.000000,1.000000,0.000002,0.000000,-0.029940,-0.000002,0.999552,0.000000,5.587753,0.000000,0.000000,1.000000;;
             }
            }
           }
          }
         }
        }
       }

       Frame camera_fpp {
        

        FrameTransformMatrix {
         0.000000,1.000000,-0.000001,0.000000,0.166325,0.000001,0.986071,0.000000,0.986071,-0.000000,-0.166325,0.000000,10.430008,0.000005,8.239975,1.000000;;
        }

        Frame GunReferencePoint {
         

         FrameTransformMatrix {
          -0.000625,0.999994,0.003502,0.000000,-0.050672,-0.003529,0.998709,0.000000,0.998715,0.000447,0.050674,0.000000,-7.223782,1.882992,-18.558334,1.000000;;
         }
        }

        Frame GunRef {
         

         FrameTransformMatrix {
          -0.000000,1.000000,-0.000001,0.000000,-0.000000,0.000001,1.000000,0.000000,1.000000,0.000000,0.000000,0.000000,-7.223782,1.882992,-18.558334,1.000000;;
         }
        }
       }
      }
     }

     Frame breast_l {
      

      FrameTransformMatrix {
       -0.100493,0.492404,0.864546,0.000000,-0.042518,0.866025,-0.498189,0.000000,-0.994029,-0.086823,-0.066093,0.000000,5.443542,1.000004,2.375492,1.000000;;
      }
     }

     Frame breast_r {
      

      FrameTransformMatrix {
       -0.100490,-0.492404,0.864547,0.000000,-0.042520,-0.866026,-0.498188,0.000000,0.994030,-0.086824,0.066090,0.000000,5.443542,-0.999997,2.375494,1.000000;;
      }
     }

     Frame clavicle_l {
      

      FrameTransformMatrix {
       -0.294884,0.953765,-0.058107,0.000000,0.955533,0.294287,-0.018761,0.000000,-0.000794,-0.061056,-0.998134,0.000000,18.386123,3.426640,-0.534468,1.000000;;
      }

      Frame upperarm_l {
       

       FrameTransformMatrix {
        0.820603,-0.571263,0.016463,0.000000,0.570230,0.816521,-0.090174,0.000000,0.038070,0.083385,0.995790,0.000000,13.275185,0.000000,-0.000002,1.000000;;
       }

       Frame lowerarm_l {
        

        FrameTransformMatrix {
         0.940181,0.000094,-0.340676,0.000000,-0.000091,1.000000,0.000024,0.000000,0.340676,0.000009,0.940181,0.000000,23.522262,0.000816,-0.003659,1.000000;;
        }

        Frame hand_l {
         

         FrameTransformMatrix {
          0.996288,-0.080569,-0.030305,0.000000,0.058074,0.369255,0.927512,0.000000,-0.063538,-0.925829,0.372564,0.000000,25.488930,0.000038,0.000198,1.000000;;
         }

         Frame thumb_01_l {
          

          FrameTransformMatrix {
           0.739269,-0.569796,0.358906,0.000000,0.658265,0.499056,-0.563587,0.000000,0.142016,0.652898,0.744013,0.000000,2.117374,-2.342110,0.509117,1.000000;;
          }

          Frame thumb_02_l {
           

           FrameTransformMatrix {
            0.998706,0.000000,0.050864,0.000000,-0.000000,1.000000,0.000001,0.000000,-0.050864,-0.000001,0.998706,0.000000,4.111481,-0.000004,0.000000,1.000000;;
           }

           Frame thumb_03_l {
            

            FrameTransformMatrix {
             0.999627,0.000000,0.027321,0.000000,-0.000000,1.000000,-0.000001,0.000000,-0.027320,0.000001,0.999627,0.000000,3.697479,0.000004,0.000031,1.000000;;
            }

            Frame thumb_04_l_MBONLY {
             

             FrameTransformMatrix {
              1.000000,0.000000,-0.000000,0.000000,-0.000000,0.953533,-0.301288,0.000000,-0.000000,0.301288,0.953534,0.000000,2.589714,-0.000019,0.000008,1.000000;;
             }
            }
           }
          }
         }

         Frame index_01_l {
          

          FrameTransformMatrix {
           0.945772,-0.071102,0.316954,0.000000,0.098211,0.992675,-0.070369,0.000000,-0.309629,0.097681,0.945827,0.000000,9.540406,-2.875282,0.098686,1.000000;;
          }

          Frame index_02_l {
           

           FrameTransformMatrix {
            0.986660,0.000001,0.162793,0.000000,-0.000001,1.000000,0.000001,0.000000,-0.162794,-0.000001,0.986660,0.000000,3.723877,0.000004,-0.000015,1.000000;;
           }

           Frame index_03_l {
            

            FrameTransformMatrix {
             0.972901,0.000000,0.231221,0.000000,-0.000000,1.000000,-0.000001,0.000000,-0.231221,0.000001,0.972902,0.000000,2.133949,0.000013,0.000023,1.000000;;
            }

            Frame index_04_l_MBONLY {
             

             FrameTransformMatrix {
              1.000000,-0.000000,-0.000000,0.000000,0.000000,0.980720,0.195421,0.000000,0.000000,-0.195421,0.980720,0.000000,3.027580,0.000004,-0.000011,1.000000;;
             }
            }
           }
          }
         }

         Frame middle_01_l {
          

          FrameTransformMatrix {
           0.939790,0.043341,0.338995,0.000000,-0.036714,0.998989,-0.025940,0.000000,-0.339776,0.011932,0.940431,0.000000,9.805088,-0.951526,-0.496269,1.000000;;
          }

          Frame middle_02_l {
           

           FrameTransformMatrix {
            0.985202,0.000000,0.171397,0.000000,-0.000000,1.000000,0.000000,0.000000,-0.171397,-0.000000,0.985202,0.000000,3.837952,0.000001,-0.000008,1.000000;;
           }

           Frame middle_03_l {
            

            FrameTransformMatrix {
             0.990376,-0.000000,0.138405,0.000000,0.000000,1.000000,-0.000001,0.000000,-0.138405,0.000001,0.990376,0.000000,2.184128,0.000001,0.000008,1.000000;;
            }

            Frame middle_04_l_MBONLY {
             

             FrameTransformMatrix {
              1.000000,0.000000,0.000000,0.000000,-0.000000,0.998172,0.060439,0.000000,-0.000000,-0.060439,0.998172,0.000000,3.027588,-0.000008,0.000008,1.000000;;
             }
            }
           }
          }
         }

         Frame ring_01_l {
          

          FrameTransformMatrix {
           0.961658,0.100733,0.255084,0.000000,-0.114436,0.992648,0.039423,0.000000,-0.249238,-0.067102,0.966115,0.000000,9.533863,1.246386,-0.042686,1.000000;;
          }

          Frame ring_02_l {
           

           FrameTransformMatrix {
            0.987792,0.000000,0.155778,0.000000,0.000000,1.000000,-0.000000,0.000000,-0.155778,-0.000000,0.987792,0.000000,3.266335,0.000001,-0.000015,1.000000;;
           }

           Frame ring_03_l {
            

            FrameTransformMatrix {
             0.979639,-0.000000,0.200767,0.000000,0.000000,1.000000,-0.000001,0.000000,-0.200767,0.000000,0.979639,0.000000,2.601669,0.000001,0.000008,1.000000;;
            }

            Frame ring_04_l_MBONLY {
             

             FrameTransformMatrix {
              1.000000,0.000000,0.000000,0.000000,-0.000000,0.999017,-0.044328,0.000000,-0.000000,0.044328,0.999017,0.000000,2.707367,0.000000,0.000008,1.000000;;
             }
            }
           }
          }
         }

         Frame pinky_01_l {
          

          FrameTransformMatrix {
           0.928587,0.259799,0.265013,0.000000,-0.277165,0.960363,0.029698,0.000000,-0.246794,-0.101029,0.963787,0.000000,8.960453,2.914034,0.466942,1.000000;;
          }

          Frame pinky_02_l {
           

           FrameTransformMatrix {
            0.977176,0.000000,0.212431,0.000000,0.000000,1.000000,0.000000,0.000000,-0.212431,-0.000000,0.977176,0.000000,2.575005,0.000003,-0.000008,1.000000;;
           }

           Frame pinky_03_l {
            

            FrameTransformMatrix {
             0.991222,-0.000000,0.132209,0.000000,0.000000,1.000000,-0.000000,0.000000,-0.132209,0.000000,0.991222,0.000000,1.656914,-0.000006,0.000000,1.000000;;
            }

            Frame pinky_04_l_MBONLY {
             

             FrameTransformMatrix {
              1.000000,-0.000000,0.000000,0.000000,0.000000,0.969647,-0.244509,0.000000,-0.000000,0.244509,0.969647,0.000000,2.138412,0.000004,-0.000011,1.000000;;
             }
            }
           }
          }
         }

         Frame item_l {
          

          FrameTransformMatrix {
           1.000000,-0.000000,-0.000000,0.000000,0.000000,1.000000,-0.000000,0.000000,0.000000,0.000000,1.000000,0.000000,6.008167,-0.000007,4.052238,1.000000;;
          }
         }
        }

        Frame lowerarm_twist_01_l {
         

         FrameTransformMatrix {
          -1.000000,-0.000000,0.000000,0.000000,0.000000,0.369727,0.929141,0.000000,-0.000000,0.929141,-0.369727,0.000000,25.469398,-0.000023,-0.000015,1.000000;;
         }
        }
       }

       Frame upperarm_twist_01_l {
        

        FrameTransformMatrix {
         1.000000,0.000001,-0.000000,0.000000,-0.000001,0.998222,-0.059611,0.000000,0.000000,0.059611,0.998222,0.000000,0.000000,0.000000,0.000001,1.000000;;
        }
       }
      }
     }

     Frame clavicle_r {
      

      FrameTransformMatrix {
       -0.294884,-0.953765,-0.058103,0.000000,-0.955533,0.294288,0.018760,0.000000,-0.000794,0.061052,-0.998135,0.000000,18.386170,-3.426639,-0.534449,1.000000;;
      }

      Frame upperarm_r {
       

       FrameTransformMatrix {
        0.820602,0.571263,0.016461,0.000000,-0.570231,0.816520,0.090174,0.000000,0.038072,-0.083384,0.995790,0.000000,13.275175,-0.000031,0.000000,1.000000;;
       }

       Frame lowerarm_r {
        

        FrameTransformMatrix {
         0.940182,-0.000094,-0.340672,0.000000,0.000091,1.000000,-0.000022,0.000000,0.340673,-0.000010,0.940182,0.000000,23.522384,-0.002884,-0.005711,1.000000;;
        }

        Frame hand_r {
         

         FrameTransformMatrix {
          0.996288,0.080579,-0.030270,0.000000,-0.058074,0.369665,-0.927348,0.000000,-0.063535,0.925664,0.372972,0.000000,25.488930,-0.000092,0.000782,1.000000;;
         }

         Frame thumb_01_r {
          

          FrameTransformMatrix {
           0.739270,0.569796,0.358906,0.000000,-0.658265,0.499058,0.563586,0.000000,0.142014,-0.652897,0.744015,0.000000,2.117355,2.342110,0.509140,1.000000;;
          }

          Frame thumb_02_r {
           

           FrameTransformMatrix {
            0.998842,-0.015592,0.045531,0.000000,0.015574,0.999878,0.000752,0.000000,-0.045537,-0.000043,0.998963,0.000000,4.111466,0.000013,-0.000038,1.000000;;
           }

           Frame thumb_03_r {
            

            FrameTransformMatrix {
             0.999626,-0.000000,0.027321,0.000000,0.000000,1.000000,-0.000000,0.000000,-0.027322,0.000000,0.999627,0.000000,3.697456,-0.000010,-0.000015,1.000000;;
            }

            Frame thumb_04_r_MBONLY {
             

             FrameTransformMatrix {
              1.000001,0.000000,-0.000000,0.000000,-0.000000,1.000000,0.000000,0.000000,0.000000,0.000000,1.000000,0.000000,2.589722,-0.000006,0.000008,1.000000;;
             }
            }
           }
          }
         }

         Frame index_01_r {
          

          FrameTransformMatrix {
           0.945771,0.071102,0.316957,0.000000,-0.098211,0.992675,0.070368,0.000000,-0.309631,-0.097681,0.945826,0.000000,9.540390,2.875266,0.098701,1.000000;;
          }

          Frame index_02_r {
           

           FrameTransformMatrix {
            0.986661,-0.000000,0.162790,0.000000,0.000000,1.000000,0.000001,0.000000,-0.162790,-0.000001,0.986661,0.000000,3.723869,0.000013,0.000000,1.000000;;
           }

           Frame index_03_r {
            

            FrameTransformMatrix {
             0.972901,-0.000000,0.231223,0.000000,0.000000,1.000000,-0.000000,0.000000,-0.231223,0.000000,0.972901,0.000000,2.133934,-0.000010,0.000023,1.000000;;
            }

            Frame index_04_r_MBONLY {
             

             FrameTransformMatrix {
              1.000000,0.000000,0.000000,0.000000,0.000000,1.000000,0.000000,0.000000,-0.000000,0.000000,1.000000,0.000000,3.027588,-0.000008,0.000004,1.000000;;
             }
            }
           }
          }
         }

         Frame middle_01_r {
          

          FrameTransformMatrix {
           0.939789,-0.043341,0.338997,0.000000,0.036714,0.998990,0.025939,0.000000,-0.339778,-0.011932,0.940430,0.000000,9.805099,0.951515,-0.496269,1.000000;;
          }

          Frame middle_02_r {
           

           FrameTransformMatrix {
            0.985202,0.000000,0.171397,0.000000,-0.000001,1.000000,0.000000,0.000000,-0.171397,-0.000000,0.985202,0.000000,3.837952,-0.000003,0.000000,1.000000;;
           }

           Frame middle_03_r {
            

            FrameTransformMatrix {
             0.990376,0.000000,0.138406,0.000000,0.000000,1.000000,0.000001,0.000000,-0.138405,-0.000001,0.990376,0.000000,2.184143,-0.000003,0.000008,1.000000;;
            }

            Frame middle_04_r_MBONLY {
             

             FrameTransformMatrix {
              1.000000,-0.000000,0.000000,0.000000,-0.000000,1.000000,-0.000001,0.000000,-0.000000,0.000001,1.000000,0.000000,3.027580,-0.000001,0.000011,1.000000;;
             }
            }
           }
          }
         }

         Frame ring_01_r {
          

          FrameTransformMatrix {
           0.961658,-0.100733,0.255084,0.000000,0.114436,0.992648,-0.039424,0.000000,-0.249237,0.067103,0.966115,0.000000,9.533863,-1.246390,-0.042664,1.000000;;
          }

          Frame ring_02_r {
           

           FrameTransformMatrix {
            0.987792,-0.000000,0.155779,0.000000,0.000000,1.000000,0.000001,0.000000,-0.155780,-0.000000,0.987792,0.000000,3.266396,-0.000006,0.000000,1.000000;;
           }

           Frame ring_03_r {
            

            FrameTransformMatrix {
             0.979639,-0.000000,0.200766,0.000000,0.000000,1.000000,-0.000001,0.000000,-0.200766,0.000001,0.979639,0.000000,2.601662,0.000004,-0.000023,1.000000;;
            }

            Frame ring_04_r_MBONLY {
             

             FrameTransformMatrix {
              1.000000,-0.000000,-0.000000,0.000000,-0.000000,1.000000,-0.000000,0.000000,-0.000000,-0.000000,1.000000,0.000000,2.707413,-0.000009,-0.000011,1.000000;;
             }
            }
           }
          }
         }

         Frame pinky_01_r {
          

          FrameTransformMatrix {
           0.928586,-0.259799,0.265014,0.000000,0.277165,0.960364,-0.029698,0.000000,-0.246794,0.101030,0.963787,0.000000,8.960426,-2.914035,0.466942,1.000000;;
          }

          Frame pinky_02_r {
           

           FrameTransformMatrix {
            0.977176,-0.000000,0.212432,0.000000,0.000000,1.000000,-0.000000,0.000000,-0.212432,0.000000,0.977176,0.000000,2.575050,-0.000002,0.000000,1.000000;;
           }

           Frame pinky_03_r {
            

            FrameTransformMatrix {
             0.991222,0.000000,0.132210,0.000000,-0.000000,1.000000,-0.000000,0.000000,-0.132210,-0.000000,0.991222,0.000000,1.656876,0.000006,0.000015,1.000000;;
            }

            Frame pinky_04_r_MBONLY {
             

             FrameTransformMatrix {
              1.000000,-0.000000,-0.000000,0.000000,0.000000,1.000000,0.000000,0.000000,0.000000,-0.000000,1.000000,0.000000,2.286377,-0.000007,0.000000,1.000000;;
             }
            }
           }
          }
         }

         Frame item_r {
          

          FrameTransformMatrix {
           1.000000,-0.000000,0.000000,0.000000,0.000000,1.000001,-0.000000,0.000000,-0.000000,-0.000000,1.000000,0.000000,6.959995,0.150000,2.969986,1.000000;;
          }
         }
        }

        Frame lowerarm_twist_01_r {
         

         FrameTransformMatrix {
          -1.000000,-0.000000,0.000000,0.000000,-0.000000,0.370289,-0.928916,0.000000,0.000000,-0.928916,-0.370289,0.000000,25.469414,0.000000,0.000008,1.000000;;
         }
        }
       }

       Frame upperarm_twist_01_r {
        

        FrameTransformMatrix {
         1.000001,0.000001,0.000000,0.000000,-0.000001,0.998222,0.059610,0.000000,-0.000000,-0.059610,0.998222,0.000000,0.000023,0.000031,-0.000003,1.000000;;
        }
       }
      }
     }

     Frame backpack {
      

      FrameTransformMatrix {
       -0.991785,-0.017540,-0.126711,0.000000,-0.126731,0.000013,0.991938,0.000000,-0.017397,0.999846,-0.002235,0.000000,25.024445,0.000078,-20.152814,1.000000;;
      }

      Frame backpack_01 {
       

       FrameTransformMatrix {
        0.998912,-0.046640,0.000283,0.000000,0.046639,0.998911,0.000810,0.000000,-0.000320,-0.000796,1.000000,0.000000,26.780029,-10.106690,0.469825,1.000000;;
       }
      }

      Frame backpack_02 {
       

       FrameTransformMatrix {
        0.998307,-0.046640,0.034755,0.000000,0.046640,0.998911,0.000810,0.000000,-0.034755,0.000813,0.999396,0.000000,40.372858,0.692677,0.705874,1.000000;;
       }
      }
     }
    }
   }

   Frame coat_l_01 {
    

    FrameTransformMatrix {
     -0.945795,0.311206,-0.092856,0.000000,-0.324732,-0.910197,0.257083,0.000000,-0.004511,0.273301,0.961918,0.000000,7.566597,14.647408,-4.807270,1.000000;;
    }

    Frame coat_l_02 {
     

     FrameTransformMatrix {
      0.990222,0.139222,-0.008797,0.000000,-0.139217,0.990261,0.001237,0.000000,0.008884,-0.000000,0.999961,0.000000,13.285805,0.000000,-0.000001,1.000000;;
     }

     Frame coat_l_03 {
      

      FrameTransformMatrix {
       0.999998,0.000001,-0.002257,0.000000,-0.000000,1.000000,0.000000,0.000000,0.002257,-0.000000,0.999997,0.000000,14.754104,0.000004,-0.000001,1.000000;;
      }

      Frame coat_l_04 {
       

       FrameTransformMatrix {
        0.999989,-0.000000,0.004752,0.000000,0.000000,1.000000,0.000000,0.000000,-0.004752,0.000000,0.999989,0.000000,17.429542,-0.000011,0.000000,1.000000;;
       }
      }
     }
    }
   }

   Frame coat_fl_01 {
    

    FrameTransformMatrix {
     -0.984862,0.155113,0.077377,0.000000,0.136444,0.418388,0.897962,0.000000,0.106912,0.894926,-0.433218,0.000000,5.973602,10.831673,11.438574,1.000000;;
    }

    Frame coat_fl_02 {
     

     FrameTransformMatrix {
      0.999679,-0.017352,-0.018490,0.000000,0.017349,0.999849,-0.000320,0.000000,0.018492,-0.000001,0.999829,0.000000,13.193626,-0.000002,0.000000,1.000000;;
     }

     Frame coat_fl_03 {
      

      FrameTransformMatrix {
       0.999883,-0.000000,0.015296,0.000000,0.000000,1.000001,-0.000001,0.000000,-0.015296,0.000001,0.999884,0.000000,14.010781,-0.000002,-0.000005,1.000000;;
      }

      Frame coat_fl_04 {
       

       FrameTransformMatrix {
        0.999015,0.000000,0.044374,0.000000,-0.000000,1.000000,0.000000,0.000000,-0.044374,-0.000000,0.999015,0.000000,19.111438,0.000006,0.000009,1.000000;;
       }
      }
     }
    }
   }

   Frame coat_b_01 {
    

    FrameTransformMatrix {
     -0.958409,-0.000022,-0.285397,0.000000,-0.285397,0.000072,0.958409,0.000000,-0.000001,1.000000,-0.000075,0.000000,6.667420,-0.000870,-11.747485,1.000000;;
    }

    Frame coat_b_02 {
     

     FrameTransformMatrix {
      0.995983,0.087801,0.017576,0.000000,-0.087787,0.996138,-0.001550,0.000000,-0.017644,0.000001,0.999844,0.000000,9.746056,0.000000,0.000002,1.000000;;
     }

     Frame coat_b_03 {
      

      FrameTransformMatrix {
       0.999362,0.031045,-0.017635,0.000000,-0.031040,0.999518,0.000548,0.000000,0.017644,-0.000000,0.999844,0.000000,17.627830,-0.000008,0.000011,1.000000;;
      }

      Frame coat_b_04 {
       

       FrameTransformMatrix {
        1.000001,0.000000,-0.000000,0.000000,0.000000,1.000001,-0.000000,0.000000,-0.000000,0.000001,1.000000,0.000000,19.078106,0.000006,-0.000003,1.000000;;
       }
      }
     }
    }
   }

   Frame coat_r_01 {
    

    FrameTransformMatrix {
     -0.945795,-0.311222,-0.092809,0.000000,-0.324734,0.910234,0.256947,0.000000,0.004510,0.273157,-0.961959,0.000000,7.566635,-14.648563,-4.805081,1.000000;;
    }

    Frame coat_r_02 {
     

     FrameTransformMatrix {
